Benzoic acid
  Mrv1830 09141903532D          

  9  9  0  0  0  0            999 V2000
    3.0790    1.1880    0.0000 O   0  0  0  0  0  0  0  0  0  0  0  0
    1.6500    1.1880    0.0000 O   0  0  0  0  0  0  0  0  0  0  0  0
    2.3645   -0.0495    0.0000 C   0  0  0  0  0  0  0  0  0  0  0  0
    1.6500   -0.4620    0.0000 C   0  0  0  0  0  0  0  0  0  0  0  0
    3.0790   -0.4620    0.0000 C   0  0  0  0  0  0  0  0  0  0  0  0
    1.6500   -1.2870    0.0000 C   0  0  0  0  0  0  0  0  0  0  0  0
    3.0790   -1.2870    0.0000 C   0  0  0  0  0  0  0  0  0  0  0  0
    2.3645   -1.6995    0.0000 C   0  0  0  0  0  0  0  0  0  0  0  0
    2.3645    0.7755    0.0000 C   0  0  0  0  0  0  0  0  0  0  0  0
  1  9  1  0  0  0  0
  2  9  2  0  0  0  0
  3  4  2  0  0  0  0
  3  5  1  0  0  0  0
  3  9  1  0  0  0  0
  4  6  1  0  0  0  0
  5  7  2  0  0  0  0
  6  8  2  0  0  0  0
  7  8  1  0  0  0  0
M  END
