Bifonazole
  Mrv1830 09141903562D          

 24 27  0  0  1  0            999 V2000
    4.5079    2.0625    0.0000 N   0  0  0  0  0  0  0  0  0  0  0  0
    5.4011    3.0545    0.0000 N   0  0  0  0  0  0  0  0  0  0  0  0
    3.7934    1.6500    0.0000 C   0  0  0  0  0  0  0  0  0  0  0  0
    3.7934    0.8250    0.0000 C   0  0  0  0  0  0  0  0  0  0  0  0
    3.0789    2.0625    0.0000 C   0  0  0  0  0  0  0  0  0  0  0  0
    3.0789    0.4125    0.0000 C   0  0  0  0  0  0  0  0  0  0  0  0
    4.5079    0.4125    0.0000 C   0  0  0  0  0  0  0  0  0  0  0  0
    3.7934   -0.8250    0.0000 C   0  0  0  0  0  0  0  0  0  0  0  0
    3.0789    2.8875    0.0000 C   0  0  0  0  0  0  0  0  0  0  0  0
    2.3644    1.6500    0.0000 C   0  0  0  0  0  0  0  0  0  0  0  0
    3.0789   -0.4125    0.0000 C   0  0  0  0  0  0  0  0  0  0  0  0
    4.5079   -0.4125    0.0000 C   0  0  0  0  0  0  0  0  0  0  0  0
    5.2615    1.7270    0.0000 C   0  0  0  0  0  0  0  0  0  0  0  0
    4.5941    2.8830    0.0000 C   0  0  0  0  0  0  0  0  0  0  0  0
    3.7934   -1.6500    0.0000 C   0  0  0  0  0  0  0  0  0  0  0  0
    2.3644    3.3000    0.0000 C   0  0  0  0  0  0  0  0  0  0  0  0
    1.6500    2.0625    0.0000 C   0  0  0  0  0  0  0  0  0  0  0  0
    5.8136    2.3400    0.0000 C   0  0  0  0  0  0  0  0  0  0  0  0
    1.6500    2.8875    0.0000 C   0  0  0  0  0  0  0  0  0  0  0  0
    3.0789   -2.0625    0.0000 C   0  0  0  0  0  0  0  0  0  0  0  0
    4.5079   -2.0625    0.0000 C   0  0  0  0  0  0  0  0  0  0  0  0
    3.0789   -2.8875    0.0000 C   0  0  0  0  0  0  0  0  0  0  0  0
    4.5079   -2.8875    0.0000 C   0  0  0  0  0  0  0  0  0  0  0  0
    3.7934   -3.3000    0.0000 C   0  0  0  0  0  0  0  0  0  0  0  0
  1  3  1  0  0  0  0
  1 13  1  0  0  0  0
  1 14  1  0  0  0  0
  2 14  2  0  0  0  0
  2 18  1  0  0  0  0
  3  4  1  0  0  0  0
  3  5  1  0  0  0  0
  4  6  2  0  0  0  0
  4  7  1  0  0  0  0
  5  9  2  0  0  0  0
  5 10  1  0  0  0  0
  6 11  1  0  0  0  0
  7 12  2  0  0  0  0
  8 11  2  0  0  0  0
  8 12  1  0  0  0  0
  8 15  1  0  0  0  0
  9 16  1  0  0  0  0
 10 17  2  0  0  0  0
 13 18  2  0  0  0  0
 15 20  2  0  0  0  0
 15 21  1  0  0  0  0
 16 19  2  0  0  0  0
 17 19  1  0  0  0  0
 20 22  1  0  0  0  0
 21 23  2  0  0  0  0
 22 24  2  0  0  0  0
 23 24  1  0  0  0  0
M  END
