Butylparaben
  Mrv1830 09141903592D          

 14 14  0  0  0  0            999 V2000
    3.0790    0.7466    0.0000 O   0  0  0  0  0  0  0  0  0  0  0  0
    1.6500    0.7466    0.0000 O   0  0  0  0  0  0  0  0  0  0  0  0
    2.3645   -2.9659    0.0000 O   0  0  0  0  0  0  0  0  0  0  0  0
    3.7935    1.9842    0.0000 C   0  0  0  0  0  0  0  0  0  0  0  0
    3.7935    2.8092    0.0000 C   0  0  0  0  0  0  0  0  0  0  0  0
    3.0790    1.5717    0.0000 C   0  0  0  0  0  0  0  0  0  0  0  0
    4.5080    3.2217    0.0000 C   0  0  0  0  0  0  0  0  0  0  0  0
    2.3645   -0.4909    0.0000 C   0  0  0  0  0  0  0  0  0  0  0  0
    2.3645    0.3341    0.0000 C   0  0  0  0  0  0  0  0  0  0  0  0
    3.0790   -0.9034    0.0000 C   0  0  0  0  0  0  0  0  0  0  0  0
    1.6500   -0.9034    0.0000 C   0  0  0  0  0  0  0  0  0  0  0  0
    3.0790   -1.7284    0.0000 C   0  0  0  0  0  0  0  0  0  0  0  0
    1.6500   -1.7284    0.0000 C   0  0  0  0  0  0  0  0  0  0  0  0
    2.3645   -2.1409    0.0000 C   0  0  0  0  0  0  0  0  0  0  0  0
  1  6  1  0  0  0  0
  1  9  1  0  0  0  0
  2  9  2  0  0  0  0
  3 14  1  0  0  0  0
  4  5  1  0  0  0  0
  4  6  1  0  0  0  0
  5  7  1  0  0  0  0
  8  9  1  0  0  0  0
  8 10  2  0  0  0  0
  8 11  1  0  0  0  0
 10 12  1  0  0  0  0
 11 13  2  0  0  0  0
 12 14  2  0  0  0  0
 13 14  1  0  0  0  0
M  END
