Caspofungin
  Mrv1830 09141904002D          

 77 80  0  0  1  0            999 V2000
    3.6804    3.0443    0.0000 O   0  0  0  0  0  0  0  0  0  0  0  0
   10.0746    5.0315    0.0000 O   0  0  0  0  0  0  0  0  0  0  0  0
    4.5166    6.3463    0.0000 O   0  0  0  0  0  0  0  0  0  0  0  0
    6.2489    4.1803    0.0000 O   0  0  0  0  0  0  0  0  0  0  0  0
    6.6857    7.0389    0.0000 O   0  0  0  0  0  0  0  0  0  0  0  0
    8.6738    2.6053    0.0000 O   0  0  0  0  0  0  0  0  0  0  0  0
   10.1550    2.4973    0.0000 O   0  0  0  0  0  0  0  0  0  0  0  0
    5.3208    0.9791    0.0000 O   0  0  0  0  0  0  0  0  0  0  0  0
    8.7717    4.8110    0.0000 O   0  0  0  0  0  0  0  0  0  0  0  0
   10.3813    0.6339    0.0000 O   0  0  0  0  0  0  0  0  0  0  0  0
    5.7052    4.6677    0.0000 O   0  0  0  0  0  0  0  0  0  0  0  0
    7.5467    6.2072    0.0000 O   0  0  0  0  0  0  0  0  0  0  0  0
    8.5085    1.8332    0.0000 O   0  0  0  0  0  0  0  0  0  0  0  0
    7.7116   -0.4012    0.0000 O   0  0  0  0  0  0  0  0  0  0  0  0
   10.0806    8.0207    0.0000 O   0  0  0  0  0  0  0  0  0  0  0  0
    4.6064    4.9772    0.0000 N   0  0  0  0  0  0  0  0  0  0  0  0
    9.3883    3.0177    0.0000 N   0  0  0  0  0  0  0  0  0  0  0  0
    5.5343    2.9428    0.0000 N   0  0  0  0  0  0  0  0  0  0  0  0
    7.2448    3.4302    0.0000 N   0  0  0  0  0  0  0  0  0  0  0  0
    6.5302    5.4928    0.0000 N   0  0  0  0  0  0  0  0  0  0  0  0
    8.2950    1.0363    0.0000 N   0  0  0  0  0  0  0  0  0  0  0  0
    4.2365    1.9470    0.0000 N   0  0  0  0  0  0  0  0  0  0  0  0
    6.7012    0.6093    0.0000 N   0  0  0  0  0  0  0  0  0  0  0  0
    4.7221    8.5457    0.0000 N   0  0  0  0  0  0  0  0  0  0  0  0
    2.0930    2.3594    0.0000 N   0  0  0  0  0  0  0  0  0  0  0  0
    4.8199    4.1803    0.0000 C   0  0  1  0  0  0  0  0  0  0  0  0
    4.1309    3.7354    0.0000 C   0  0  2  0  0  0  0  0  0  0  0  0
    8.6737    3.4302    0.0000 C   0  0  1  0  0  0  0  0  0  0  0  0
    3.4940    4.2521    0.0000 C   0  0  0  0  0  0  0  0  0  0  0  0
    3.7872    5.0180    0.0000 C   0  0  0  0  0  0  0  0  0  0  0  0
    8.8463    4.2320    0.0000 C   0  0  0  0  0  0  0  0  0  0  0  0
    9.6621    4.3169    0.0000 C   0  0  2  0  0  0  0  0  0  0  0  0
    9.9963    3.5680    0.0000 C   0  0  0  0  0  0  0  0  0  0  0  0
    5.8158    5.9053    0.0000 C   0  0  2  0  0  0  0  0  0  0  0  0
    5.0189    5.6917    0.0000 C   0  0  0  0  0  0  0  0  0  0  0  0
    5.5343    3.7678    0.0000 C   0  0  0  0  0  0  0  0  0  0  0  0
    7.9593    3.0177    0.0000 C   0  0  0  0  0  0  0  0  0  0  0  0
    9.3883    2.1927    0.0000 C   0  0  0  0  0  0  0  0  0  0  0  0
    9.0919    1.2498    0.0000 C   0  0  2  0  0  0  0  0  0  0  0  0
    5.9235    6.7232    0.0000 C   0  0  0  0  0  0  0  0  0  0  0  0
    7.2448    4.2552    0.0000 C   0  0  1  0  0  0  0  0  0  0  0  0
    4.9510    2.3594    0.0000 C   0  0  2  0  0  0  0  0  0  0  0  0
    5.5343    1.7760    0.0000 C   0  0  1  0  0  0  0  0  0  0  0  0
    6.3313    1.9895    0.0000 C   0  0  0  0  0  0  0  0  0  0  0  0
    7.9593    4.6677    0.0000 C   0  0  1  0  0  0  0  0  0  0  0  0
    6.5302    4.6677    0.0000 C   0  0  0  0  0  0  0  0  0  0  0  0
    6.9147    1.4062    0.0000 C   0  0  1  0  0  0  0  0  0  0  0  0
    9.5587    0.5696    0.0000 C   0  0  0  0  0  0  0  0  0  0  0  0
    5.2689    7.2255    0.0000 C   0  0  0  0  0  0  0  0  0  0  0  0
    7.7116    1.6197    0.0000 C   0  0  0  0  0  0  0  0  0  0  0  0
    7.9593    5.4928    0.0000 C   0  0  2  0  0  0  0  0  0  0  0  0
    5.3766    8.0434    0.0000 C   0  0  0  0  0  0  0  0  0  0  0  0
    4.8519   -6.2922    0.0000 C   0  0  0  0  0  0  0  0  0  0  0  0
    9.2031   -0.1748    0.0000 C   0  0  0  0  0  0  0  0  0  0  0  0
    3.5220    2.3594    0.0000 C   0  0  0  0  0  0  0  0  0  0  0  0
    5.0654   -7.0891    0.0000 C   0  0  0  0  0  0  0  0  0  0  0  0
    5.4353   -5.7088    0.0000 C   0  0  0  0  0  0  0  0  0  0  0  0
    4.4820   -7.6725    0.0000 C   0  0  0  0  0  0  0  0  0  0  0  0
    5.2217   -4.9119    0.0000 C   0  0  0  0  0  0  0  0  0  0  0  0
    8.4896    6.1247    0.0000 C   0  0  0  0  0  0  0  0  0  0  0  0
    5.8051   -4.3286    0.0000 C   0  0  0  0  0  0  0  0  0  0  0  0
    6.9147   -0.1877    0.0000 C   0  0  0  0  0  0  0  0  0  0  0  0
    5.5916   -3.5316    0.0000 C   0  0  0  0  0  0  0  0  0  0  0  0
    6.3313   -0.7711    0.0000 C   0  0  0  0  0  0  0  0  0  0  0  0
    6.1750   -2.9482    0.0000 C   0  0  0  0  0  0  0  0  0  0  0  0
    4.0550   -6.0787    0.0000 C   0  0  0  0  0  0  0  0  0  0  0  0
    2.8076    1.9469    0.0000 C   0  0  0  0  0  0  0  0  0  0  0  0
    4.6955   -8.4695    0.0000 C   0  0  0  0  0  0  0  0  0  0  0  0
    6.5448   -1.5680    0.0000 C   0  0  0  0  0  0  0  0  0  0  0  0
    5.9615   -2.1513    0.0000 C   0  0  0  0  0  0  0  0  0  0  0  0
    3.6851   -7.4590    0.0000 C   0  0  0  0  0  0  0  0  0  0  0  0
    8.2074    6.9000    0.0000 C   0  0  0  0  0  0  0  0  0  0  0  0
    9.3021    5.9814    0.0000 C   0  0  0  0  0  0  0  0  0  0  0  0
    4.1122   -9.0528    0.0000 C   0  0  0  0  0  0  0  0  0  0  0  0
    8.7378    7.5320    0.0000 C   0  0  0  0  0  0  0  0  0  0  0  0
    9.8324    6.6135    0.0000 C   0  0  0  0  0  0  0  0  0  0  0  0
    9.5502    7.3888    0.0000 C   0  0  0  0  0  0  0  0  0  0  0  0
 27  1  1  1  0  0  0
 32  2  1  1  0  0  0
  3 35  2  0  0  0  0
  4 36  2  0  0  0  0
 40  5  1  0  0  0  0
  6 37  2  0  0  0  0
  7 38  2  0  0  0  0
 43  8  1  1  0  0  0
 45  9  1  1  0  0  0
 48 10  1  0  0  0  0
 11 46  2  0  0  0  0
 51 12  1  1  0  0  0
 13 50  2  0  0  0  0
 14 62  2  0  0  0  0
 15 77  1  0  0  0  0
 26 16  1  6  0  0  0
 16 30  1  0  0  0  0
 16 35  1  0  0  0  0
 17 28  1  0  0  0  0
 17 33  1  0  0  0  0
 17 38  1  0  0  0  0
 18 36  1  0  0  0  0
 18 42  1  0  0  0  0
 19 37  1  0  0  0  0
 19 41  1  0  0  0  0
 20 34  1  0  0  0  0
 20 46  1  0  0  0  0
 21 39  1  0  0  0  0
 21 50  1  0  0  0  0
 42 22  1  1  0  0  0
 22 55  1  0  0  0  0
 47 23  1  1  0  0  0
 23 62  1  0  0  0  0
 24 52  1  0  0  0  0
 25 67  1  0  0  0  0
 26 27  1  0  0  0  0
 26 36  1  0  0  0  0
 27 29  1  0  0  0  0
 28 31  1  6  0  0  0
 28 37  1  0  0  0  0
 29 30  1  0  0  0  0
 31 32  1  0  0  0  0
 32 33  1  0  0  0  0
 34 35  1  0  0  0  0
 34 40  1  6  0  0  0
 38 39  1  0  0  0  0
 39 48  1  6  0  0  0
 40 49  1  0  0  0  0
 41 45  1  6  0  0  0
 41 46  1  0  0  0  0
 42 43  1  0  0  0  0
 43 44  1  0  0  0  0
 44 47  1  0  0  0  0
 45 51  1  0  0  0  0
 47 50  1  0  0  0  0
 48 54  1  0  0  0  0
 49 52  1  0  0  0  0
 51 60  1  0  0  0  0
 53 56  1  0  0  0  0
 53 57  1  0  0  0  0
 53 66  1  0  0  0  0
 55 67  1  0  0  0  0
 56 58  1  0  0  0  0
 57 59  1  0  0  0  0
 58 68  1  0  0  0  0
 58 71  1  0  0  0  0
 59 61  1  0  0  0  0
 60 72  2  0  0  0  0
 60 73  1  0  0  0  0
 61 63  1  0  0  0  0
 62 64  1  0  0  0  0
 63 65  1  0  0  0  0
 64 69  1  0  0  0  0
 65 70  1  0  0  0  0
 68 74  1  0  0  0  0
 69 70  1  0  0  0  0
 72 75  1  0  0  0  0
 73 76  2  0  0  0  0
 75 77  2  0  0  0  0
 76 77  1  0  0  0  0
M  END
