Enilconazole
  Mrv1830 09141904102D          

 19 20  0  0  1  0            999 V2000
    1.6500   -0.4285    0.0000 Cl  0  0  0  0  0  0  0  0  0  0  0  0
    3.0789   -2.9035    0.0000 Cl  0  0  0  0  0  0  0  0  0  0  0  0
    2.3645    0.8090    0.0000 O   0  0  0  0  0  0  0  0  0  0  0  0
    3.7935    1.6340    0.0000 N   0  0  0  0  0  0  0  0  0  0  0  0
    3.3809    2.9035    0.0000 N   0  0  0  0  0  0  0  0  0  0  0  0
    3.0789    0.3965    0.0000 C   0  0  0  0  0  0  0  0  0  0  0  0
    3.7935    0.8090    0.0000 C   0  0  0  0  0  0  0  0  0  0  0  0
    3.0789   -0.4285    0.0000 C   0  0  0  0  0  0  0  0  0  0  0  0
    2.3645   -0.8410    0.0000 C   0  0  0  0  0  0  0  0  0  0  0  0
    3.7935   -0.8410    0.0000 C   0  0  0  0  0  0  0  0  0  0  0  0
    4.4609    2.1189    0.0000 C   0  0  0  0  0  0  0  0  0  0  0  0
    3.1260    2.1189    0.0000 C   0  0  0  0  0  0  0  0  0  0  0  0
    2.3645    1.6340    0.0000 C   0  0  0  0  0  0  0  0  0  0  0  0
    2.3645   -1.6660    0.0000 C   0  0  0  0  0  0  0  0  0  0  0  0
    3.7935   -1.6660    0.0000 C   0  0  0  0  0  0  0  0  0  0  0  0
    3.0789   -2.0785    0.0000 C   0  0  0  0  0  0  0  0  0  0  0  0
    4.2060    2.9035    0.0000 C   0  0  0  0  0  0  0  0  0  0  0  0
    1.6500    2.0465    0.0000 C   0  0  0  0  0  0  0  0  0  0  0  0
    1.6500    2.8715    0.0000 C   0  0  0  0  0  0  0  0  0  0  0  0
  1  9  1  0  0  0  0
  2 16  1  0  0  0  0
  3  6  1  0  0  0  0
  3 13  1  0  0  0  0
  4  7  1  0  0  0  0
  4 11  1  0  0  0  0
  4 12  1  0  0  0  0
  5 12  2  0  0  0  0
  5 17  1  0  0  0  0
  6  7  1  0  0  0  0
  6  8  1  0  0  0  0
  8  9  2  0  0  0  0
  8 10  1  0  0  0  0
  9 14  1  0  0  0  0
 10 15  2  0  0  0  0
 11 17  2  0  0  0  0
 13 18  1  0  0  0  0
 14 16  2  0  0  0  0
 15 16  1  0  0  0  0
 18 19  2  0  0  0  0
M  END
