Haloprogin
  Mrv1830 09141904152D          

 14 14  0  0  0  0            999 V2000
    3.7934    3.0938    0.0000 I   0  0  0  0  0  0  0  0  0  0  0  0
    1.6500   -0.6188    0.0000 Cl  0  0  0  0  0  0  0  0  0  0  0  0
    4.5079   -2.2688    0.0000 Cl  0  0  0  0  0  0  0  0  0  0  0  0
    3.0789   -3.0938    0.0000 Cl  0  0  0  0  0  0  0  0  0  0  0  0
    3.0789    0.2063    0.0000 O   0  0  0  0  0  0  0  0  0  0  0  0
    3.0789   -0.6188    0.0000 C   0  0  0  0  0  0  0  0  0  0  0  0
    2.3644   -1.0313    0.0000 C   0  0  0  0  0  0  0  0  0  0  0  0
    3.7934   -1.0313    0.0000 C   0  0  0  0  0  0  0  0  0  0  0  0
    3.7934   -1.8563    0.0000 C   0  0  0  0  0  0  0  0  0  0  0  0
    2.3644   -1.8563    0.0000 C   0  0  0  0  0  0  0  0  0  0  0  0
    3.0789   -2.2688    0.0000 C   0  0  0  0  0  0  0  0  0  0  0  0
    3.7934    0.6188    0.0000 C   0  0  0  0  0  0  0  0  0  0  0  0
    3.7934    1.4438    0.0000 C   0  0  0  0  0  0  0  0  0  0  0  0
    3.7934    2.2688    0.0000 C   0  0  0  0  0  0  0  0  0  0  0  0
  1 14  1  0  0  0  0
  2  7  1  0  0  0  0
  3  9  1  0  0  0  0
  4 11  1  0  0  0  0
  5  6  1  0  0  0  0
  5 12  1  0  0  0  0
  6  7  1  0  0  0  0
  6  8  2  0  0  0  0
  7 10  2  0  0  0  0
  8  9  1  0  0  0  0
  9 11  2  0  0  0  0
 10 11  1  0  0  0  0
 12 13  1  0  0  0  0
 13 14  3  0  0  0  0
M  END
