Isavuconazole
  Mrv1830 09141904162D          

 31 34  0  0  1  0            999 V2000
    4.5471   -0.7085    0.0000 S   0  0  0  0  0  0  0  0  0  0  0  0
    1.6500   -2.4355    0.0000 F   0  0  0  0  0  0  0  0  0  0  0  0
    4.2059   -4.3874    0.0000 F   0  0  0  0  0  0  0  0  0  0  0  0
    2.2539   -1.6105    0.0000 O   0  0  0  0  0  0  0  0  0  0  0  0
    4.6184   -2.0230    0.0000 N   0  0  0  0  0  0  0  0  0  0  0  0
    3.8796    0.4476    0.0000 N   0  0  0  0  0  0  0  0  0  0  0  0
    4.7046   -2.8434    0.0000 N   0  0  0  0  0  0  0  0  0  0  0  0
    5.9242   -2.3005    0.0000 N   0  0  0  0  0  0  0  0  0  0  0  0
    6.3644    4.3874    0.0000 N   0  0  0  0  0  0  0  0  0  0  0  0
    3.0789   -1.6105    0.0000 C   0  0  0  0  0  0  0  0  0  0  0  0
    3.0789   -0.7855    0.0000 C   0  0  0  0  0  0  0  0  0  0  0  0
    3.9039   -1.6105    0.0000 C   0  0  0  0  0  0  0  0  0  0  0  0
    3.0789   -2.4355    0.0000 C   0  0  0  0  0  0  0  0  0  0  0  0
    2.3645   -0.3730    0.0000 C   0  0  0  0  0  0  0  0  0  0  0  0
    3.7934   -0.3730    0.0000 C   0  0  0  0  0  0  0  0  0  0  0  0
    2.3645   -2.8480    0.0000 C   0  0  0  0  0  0  0  0  0  0  0  0
    3.7934   -2.8480    0.0000 C   0  0  0  0  0  0  0  0  0  0  0  0
    4.6867    0.6191    0.0000 C   0  0  0  0  0  0  0  0  0  0  0  0
    3.7934   -3.6730    0.0000 C   0  0  0  0  0  0  0  0  0  0  0  0
    2.3645   -3.6730    0.0000 C   0  0  0  0  0  0  0  0  0  0  0  0
    5.3721   -1.6874    0.0000 C   0  0  0  0  0  0  0  0  0  0  0  0
    5.0992   -0.0955    0.0000 C   0  0  0  0  0  0  0  0  0  0  0  0
    3.0789   -4.0855    0.0000 C   0  0  0  0  0  0  0  0  0  0  0  0
    5.0222    1.3727    0.0000 C   0  0  0  0  0  0  0  0  0  0  0  0
    5.5117   -3.0150    0.0000 C   0  0  0  0  0  0  0  0  0  0  0  0
    5.8427    1.4589    0.0000 C   0  0  0  0  0  0  0  0  0  0  0  0
    4.5373    2.0401    0.0000 C   0  0  0  0  0  0  0  0  0  0  0  0
    6.1783    2.2127    0.0000 C   0  0  0  0  0  0  0  0  0  0  0  0
    4.8728    2.7939    0.0000 C   0  0  0  0  0  0  0  0  0  0  0  0
    5.6933    2.8801    0.0000 C   0  0  0  0  0  0  0  0  0  0  0  0
    6.0289    3.6338    0.0000 C   0  0  0  0  0  0  0  0  0  0  0  0
  1 15  1  0  0  0  0
  1 22  1  0  0  0  0
  2 16  1  0  0  0  0
  3 19  1  0  0  0  0
 10  4  1  1  0  0  0
  5  7  1  0  0  0  0
  5 12  1  0  0  0  0
  5 21  1  0  0  0  0
  6 15  2  0  0  0  0
  6 18  1  0  0  0  0
  7 25  2  0  0  0  0
  8 21  2  0  0  0  0
  8 25  1  0  0  0  0
  9 31  3  0  0  0  0
 10 11  1  0  0  0  0
 10 12  1  0  0  0  0
 10 13  1  0  0  0  0
 11 14  1  0  0  0  0
 11 15  1  0  0  0  0
 13 16  2  0  0  0  0
 13 17  1  0  0  0  0
 16 20  1  0  0  0  0
 17 19  2  0  0  0  0
 18 22  2  0  0  0  0
 18 24  1  0  0  0  0
 19 23  1  0  0  0  0
 20 23  2  0  0  0  0
 24 26  2  0  0  0  0
 24 27  1  0  0  0  0
 26 28  1  0  0  0  0
 27 29  2  0  0  0  0
 28 30  2  0  0  0  0
 29 30  1  0  0  0  0
 30 31  1  0  0  0  0
M  END
