Itraconazole
  Mrv1830 09141904162D          

 49 55  0  0  1  0            999 V2000
    2.8383   -1.7653    0.0000 Cl  0  0  0  0  0  0  0  0  0  0  0  0
    4.2673   -4.2403    0.0000 Cl  0  0  0  0  0  0  0  0  0  0  0  0
    5.0923   -0.9403    0.0000 O   0  0  0  0  0  0  0  0  0  0  0  0
    4.0122   -0.1557    0.0000 O   0  0  0  0  0  0  0  0  0  0  0  0
    6.3033    0.9063    0.0000 O   0  0  0  0  0  0  0  0  0  0  0  0
   14.8170    2.1458    0.0000 O   0  0  0  0  0  0  0  0  0  0  0  0
    9.4418    1.9261    0.0000 N   0  0  0  0  0  0  0  0  0  0  0  0
   11.0111    2.4359    0.0000 N   0  0  0  0  0  0  0  0  0  0  0  0
    2.8695   -0.6432    0.0000 N   0  0  0  0  0  0  0  0  0  0  0  0
   14.1496    3.4557    0.0000 N   0  0  0  0  0  0  0  0  0  0  0  0
    2.9557    0.1773    0.0000 N   0  0  0  0  0  0  0  0  0  0  0  0
   15.4844    3.4557    0.0000 N   0  0  0  0  0  0  0  0  0  0  0  0
    1.6500   -0.1002    0.0000 N   0  0  0  0  0  0  0  0  0  0  0  0
   15.2295    4.2403    0.0000 N   0  0  0  0  0  0  0  0  0  0  0  0
    4.2673   -0.9403    0.0000 C   0  0  0  0  0  0  0  0  0  0  0  0
    5.3472   -0.1557    0.0000 C   0  0  0  0  0  0  0  0  0  0  0  0
    4.6798    0.3293    0.0000 C   0  0  0  0  0  0  0  0  0  0  0  0
   10.0549    1.3740    0.0000 C   0  0  0  0  0  0  0  0  0  0  0  0
    9.6134    2.7330    0.0000 C   0  0  0  0  0  0  0  0  0  0  0  0
   10.8396    1.6289    0.0000 C   0  0  0  0  0  0  0  0  0  0  0  0
   10.3979    2.9879    0.0000 C   0  0  0  0  0  0  0  0  0  0  0  0
    3.4826   -1.1952    0.0000 C   0  0  0  0  0  0  0  0  0  0  0  0
    4.2673   -1.7653    0.0000 C   0  0  0  0  0  0  0  0  0  0  0  0
    6.1318    0.0993    0.0000 C   0  0  0  0  0  0  0  0  0  0  0  0
    8.6572    1.6711    0.0000 C   0  0  0  0  0  0  0  0  0  0  0  0
   11.7957    2.6908    0.0000 C   0  0  0  0  0  0  0  0  0  0  0  0
    3.5527   -2.1778    0.0000 C   0  0  0  0  0  0  0  0  0  0  0  0
    4.9817   -2.1778    0.0000 C   0  0  0  0  0  0  0  0  0  0  0  0
    8.4857    0.8641    0.0000 C   0  0  0  0  0  0  0  0  0  0  0  0
    8.0441    2.2231    0.0000 C   0  0  0  0  0  0  0  0  0  0  0  0
    7.0879    1.1612    0.0000 C   0  0  0  0  0  0  0  0  0  0  0  0
   12.4088    2.1388    0.0000 C   0  0  0  0  0  0  0  0  0  0  0  0
   11.9672    3.4979    0.0000 C   0  0  0  0  0  0  0  0  0  0  0  0
    7.7010    0.6092    0.0000 C   0  0  0  0  0  0  0  0  0  0  0  0
    7.2595    1.9682    0.0000 C   0  0  0  0  0  0  0  0  0  0  0  0
   13.3649    3.2007    0.0000 C   0  0  0  0  0  0  0  0  0  0  0  0
   13.1934    2.3937    0.0000 C   0  0  0  0  0  0  0  0  0  0  0  0
   12.7518    3.7528    0.0000 C   0  0  0  0  0  0  0  0  0  0  0  0
    3.5527   -3.0028    0.0000 C   0  0  0  0  0  0  0  0  0  0  0  0
    4.9817   -3.0028    0.0000 C   0  0  0  0  0  0  0  0  0  0  0  0
    2.0625   -0.8147    0.0000 C   0  0  0  0  0  0  0  0  0  0  0  0
   16.2691    3.2007    0.0000 C   0  0  0  0  0  0  0  0  0  0  0  0
    4.2673   -3.4153    0.0000 C   0  0  0  0  0  0  0  0  0  0  0  0
   14.8170    2.9708    0.0000 C   0  0  0  0  0  0  0  0  0  0  0  0
   16.8821    3.7528    0.0000 C   0  0  0  0  0  0  0  0  0  0  0  0
    2.2020    0.5128    0.0000 C   0  0  0  0  0  0  0  0  0  0  0  0
   14.4045    4.2403    0.0000 C   0  0  0  0  0  0  0  0  0  0  0  0
   16.4406    2.3937    0.0000 C   0  0  0  0  0  0  0  0  0  0  0  0
   17.6668    3.4979    0.0000 C   0  0  0  0  0  0  0  0  0  0  0  0
  1 27  1  0  0  0  0
  2 43  1  0  0  0  0
  3 15  1  0  0  0  0
  3 16  1  0  0  0  0
  4 15  1  0  0  0  0
  4 17  1  0  0  0  0
  5 24  1  0  0  0  0
  5 31  1  0  0  0  0
  6 44  2  0  0  0  0
  7 18  1  0  0  0  0
  7 19  1  0  0  0  0
  7 25  1  0  0  0  0
  8 20  1  0  0  0  0
  8 21  1  0  0  0  0
  8 26  1  0  0  0  0
  9 11  1  0  0  0  0
  9 22  1  0  0  0  0
  9 41  1  0  0  0  0
 10 36  1  0  0  0  0
 10 44  1  0  0  0  0
 10 47  1  0  0  0  0
 11 46  2  0  0  0  0
 12 14  1  0  0  0  0
 12 42  1  0  0  0  0
 12 44  1  0  0  0  0
 13 41  2  0  0  0  0
 13 46  1  0  0  0  0
 14 47  2  0  0  0  0
 15 22  1  0  0  0  0
 15 23  1  0  0  0  0
 16 17  1  0  0  0  0
 16 24  1  0  0  0  0
 18 20  1  0  0  0  0
 19 21  1  0  0  0  0
 23 27  2  0  0  0  0
 23 28  1  0  0  0  0
 25 29  2  0  0  0  0
 25 30  1  0  0  0  0
 26 32  2  0  0  0  0
 26 33  1  0  0  0  0
 27 39  1  0  0  0  0
 28 40  2  0  0  0  0
 29 34  1  0  0  0  0
 30 35  2  0  0  0  0
 31 34  2  0  0  0  0
 31 35  1  0  0  0  0
 32 37  1  0  0  0  0
 33 38  2  0  0  0  0
 36 37  2  0  0  0  0
 36 38  1  0  0  0  0
 39 43  2  0  0  0  0
 40 43  1  0  0  0  0
 42 45  1  0  0  0  0
 42 48  1  0  0  0  0
 45 49  1  0  0  0  0
M  END
