Miconazole Nitrate
  Mrv1830 09141904192D          

 29 30  0  0  1  0            999 V2000
    5.6655    2.4751    0.0000 Cl  0  0  0  0  0  0  0  0  0  0  0  0
    7.0944    0.0000    0.0000 Cl  0  0  0  0  0  0  0  0  0  0  0  0
    6.3799    6.1876    0.0000 Cl  0  0  0  0  0  0  0  0  0  0  0  0
    3.5220    6.1876    0.0000 Cl  0  0  0  0  0  0  0  0  0  0  0  0
    6.3799    3.7126    0.0000 O   0  0  0  0  0  0  0  0  0  0  0  0
    1.4289    3.9683    0.0000 O   0  0  0  0  0  0  0  0  0  0  0  0
    0.0000    3.9683    0.0000 O   0  5  0  0  0  0  0  0  0  0  0  0
    0.7145    2.7308    0.0000 O   0  0  0  0  0  0  0  0  0  0  0  0
    7.8089    4.5376    0.0000 N   0  0  0  0  0  0  0  0  0  0  0  0
    7.3964    5.8071    0.0000 N   0  0  0  0  0  0  0  0  0  0  0  0
    0.7145    3.5558    0.0000 N   0  3  0  0  0  0  0  0  0  0  0  0
    7.0944    3.3001    0.0000 C   0  0  0  0  0  0  0  0  0  0  0  0
    7.8089    3.7126    0.0000 C   0  0  0  0  0  0  0  0  0  0  0  0
    7.0944    2.4751    0.0000 C   0  0  0  0  0  0  0  0  0  0  0  0
    6.3799    4.5376    0.0000 C   0  0  0  0  0  0  0  0  0  0  0  0
    6.3799    2.0625    0.0000 C   0  0  0  0  0  0  0  0  0  0  0  0
    7.8089    2.0625    0.0000 C   0  0  0  0  0  0  0  0  0  0  0  0
    5.6655    4.9501    0.0000 C   0  0  0  0  0  0  0  0  0  0  0  0
    8.4764    5.0225    0.0000 C   0  0  0  0  0  0  0  0  0  0  0  0
    7.1414    5.0225    0.0000 C   0  0  0  0  0  0  0  0  0  0  0  0
    6.3799    1.2375    0.0000 C   0  0  0  0  0  0  0  0  0  0  0  0
    7.8089    1.2375    0.0000 C   0  0  0  0  0  0  0  0  0  0  0  0
    7.0944    0.8250    0.0000 C   0  0  0  0  0  0  0  0  0  0  0  0
    8.2214    5.8071    0.0000 C   0  0  0  0  0  0  0  0  0  0  0  0
    5.6655    5.7751    0.0000 C   0  0  0  0  0  0  0  0  0  0  0  0
    4.9509    4.5376    0.0000 C   0  0  0  0  0  0  0  0  0  0  0  0
    4.9509    6.1876    0.0000 C   0  0  0  0  0  0  0  0  0  0  0  0
    4.2365    4.9501    0.0000 C   0  0  0  0  0  0  0  0  0  0  0  0
    4.2365    5.7751    0.0000 C   0  0  0  0  0  0  0  0  0  0  0  0
  1 16  1  0  0  0  0
  2 23  1  0  0  0  0
  3 25  1  0  0  0  0
  4 29  1  0  0  0  0
  5 12  1  0  0  0  0
  5 15  1  0  0  0  0
  6 11  1  0  0  0  0
  7 11  1  0  0  0  0
  8 11  2  0  0  0  0
  9 13  1  0  0  0  0
  9 19  1  0  0  0  0
  9 20  1  0  0  0  0
 10 20  2  0  0  0  0
 10 24  1  0  0  0  0
 12 13  1  0  0  0  0
 12 14  1  0  0  0  0
 14 16  2  0  0  0  0
 14 17  1  0  0  0  0
 15 18  1  0  0  0  0
 16 21  1  0  0  0  0
 17 22  2  0  0  0  0
 18 25  2  0  0  0  0
 18 26  1  0  0  0  0
 19 24  2  0  0  0  0
 21 23  2  0  0  0  0
 22 23  1  0  0  0  0
 25 27  1  0  0  0  0
 26 28  2  0  0  0  0
 27 29  2  0  0  0  0
 28 29  1  0  0  0  0
M  CHG  2   7  -1  11   1
M  END
