Monensin
  Mrv1830 09141904202D          

 47 51  0  0  1  0            999 V2000
    8.8660   -0.8716    0.0000 O   0  0  0  0  0  0  0  0  0  0  0  0
    6.7715    0.0507    0.0000 O   0  0  0  0  0  0  0  0  0  0  0  0
   10.9606    0.0507    0.0000 O   0  0  0  0  0  0  0  0  0  0  0  0
    5.8740   -1.3311    0.0000 O   0  0  0  0  0  0  0  0  0  0  0  0
   12.3264    1.1012    0.0000 O   0  0  0  0  0  0  0  0  0  0  0  0
    4.6365    0.8123    0.0000 O   0  0  0  0  0  0  0  0  0  0  0  0
   12.5089    2.2536    0.0000 O   0  0  0  0  0  0  0  0  0  0  0  0
    3.3990   -1.3311    0.0000 O   0  0  0  0  0  0  0  0  0  0  0  0
   12.8445    3.0073    0.0000 O   0  0  0  0  0  0  0  0  0  0  0  0
    2.1615   -3.4746    0.0000 O   0  0  0  0  0  0  0  0  0  0  0  0
    2.1615   -2.0456    0.0000 O   0  0  0  0  0  0  0  0  0  0  0  0
    9.6507   -0.6167    0.0000 C   0  0  2  0  0  0  0  0  0  0  0  0
    7.5560   -0.2042    0.0000 C   0  0  2  0  0  0  0  0  0  0  0  0
    8.3811   -0.2042    0.0000 C   0  0  1  0  0  0  0  0  0  0  0  0
   10.4757   -0.6167    0.0000 C   0  0  1  0  0  0  0  0  0  0  0  0
    9.6507    0.2083    0.0000 C   0  0  0  0  0  0  0  0  0  0  0  0
    6.2865   -0.6167    0.0000 C   0  0  2  0  0  0  0  0  0  0  0  0
    8.8660    0.4632    0.0000 C   0  0  0  0  0  0  0  0  0  0  0  0
   10.9606   -1.2841    0.0000 C   0  0  2  0  0  0  0  0  0  0  0  0
    7.5560   -1.0292    0.0000 C   0  0  0  0  0  0  0  0  0  0  0  0
    6.7715   -1.2841    0.0000 C   0  0  0  0  0  0  0  0  0  0  0  0
   11.7452   -0.2042    0.0000 C   0  0  2  0  0  0  0  0  0  0  0  0
   11.7452   -1.0292    0.0000 C   0  0  0  0  0  0  0  0  0  0  0  0
    9.9056   -1.4013    0.0000 C   0  0  0  0  0  0  0  0  0  0  0  0
    5.8740    0.0978    0.0000 C   0  0  0  0  0  0  0  0  0  0  0  0
   12.4126    0.2807    0.0000 C   0  0  2  0  0  0  0  0  0  0  0  0
    5.0490   -1.3311    0.0000 C   0  0  1  0  0  0  0  0  0  0  0  0
    7.8111    0.5805    0.0000 C   0  0  0  0  0  0  0  0  0  0  0  0
    4.6365   -0.6167    0.0000 C   0  0  1  0  0  0  0  0  0  0  0  0
    5.0490    0.0978    0.0000 C   0  0  1  0  0  0  0  0  0  0  0  0
   13.1663   -0.0548    0.0000 C   0  0  2  0  0  0  0  0  0  0  0  0
   10.7057   -2.0688    0.0000 C   0  0  0  0  0  0  0  0  0  0  0  0
    4.6365   -2.0456    0.0000 C   0  0  0  0  0  0  0  0  0  0  0  0
   13.8338    0.4302    0.0000 C   0  0  0  0  0  0  0  0  0  0  0  0
    9.3536   -2.0144    0.0000 C   0  0  0  0  0  0  0  0  0  0  0  0
   13.7475    1.2506    0.0000 C   0  0  2  0  0  0  0  0  0  0  0  0
   12.9938    1.5862    0.0000 C   0  0  2  0  0  0  0  0  0  0  0  0
    3.8115   -0.6167    0.0000 C   0  0  0  0  0  0  0  0  0  0  0  0
    3.8115   -2.0456    0.0000 C   0  0  0  0  0  0  0  0  0  0  0  0
   13.2525   -0.8753    0.0000 C   0  0  0  0  0  0  0  0  0  0  0  0
    5.0490   -2.7601    0.0000 C   0  0  0  0  0  0  0  0  0  0  0  0
   14.4150    1.7356    0.0000 C   0  0  0  0  0  0  0  0  0  0  0  0
   13.3294    2.3399    0.0000 C   0  0  0  0  0  0  0  0  0  0  0  0
    3.3990   -2.7601    0.0000 C   0  0  0  0  0  0  0  0  0  0  0  0
    3.8115   -3.4746    0.0000 C   0  0  0  0  0  0  0  0  0  0  0  0
    2.5740   -2.7601    0.0000 C   0  0  0  0  0  0  0  0  0  0  0  0
    2.5740   -1.3311    0.0000 C   0  0  0  0  0  0  0  0  0  0  0  0
  1 12  1  0  0  0  0
  1 14  1  0  0  0  0
  2 13  1  0  0  0  0
  2 17  1  0  0  0  0
  3 15  1  0  0  0  0
 22  3  1  1  0  0  0
 17  4  1  1  0  0  0
  4 27  1  0  0  0  0
  5 26  1  0  0  0  0
  5 37  1  0  0  0  0
 30  6  1  1  0  0  0
 37  7  1  6  0  0  0
 39  8  1  0  0  0  0
  8 47  1  0  0  0  0
  9 43  1  0  0  0  0
 10 46  1  0  0  0  0
 11 46  2  0  0  0  0
 15 12  1  6  0  0  0
 12 16  1  0  0  0  0
 12 24  1  6  0  0  0
 14 13  1  1  0  0  0
 13 20  1  0  0  0  0
 13 28  1  1  0  0  0
 14 18  1  0  0  0  0
 15 19  1  0  0  0  0
 16 18  1  0  0  0  0
 17 21  1  0  0  0  0
 17 25  1  0  0  0  0
 19 23  1  0  0  0  0
 19 32  1  6  0  0  0
 20 21  1  0  0  0  0
 22 23  1  0  0  0  0
 26 22  1  1  0  0  0
 24 35  1  0  0  0  0
 25 30  1  0  0  0  0
 26 31  1  0  0  0  0
 27 29  1  0  0  0  0
 27 33  1  6  0  0  0
 29 30  1  0  0  0  0
 29 38  1  6  0  0  0
 31 34  1  0  0  0  0
 31 40  1  6  0  0  0
 33 39  1  0  0  0  0
 33 41  1  0  0  0  0
 34 36  1  0  0  0  0
 36 37  1  0  0  0  0
 36 42  1  6  0  0  0
 37 43  1  0  0  0  0
 39 44  1  0  0  0  0
 44 45  1  0  0  0  0
 44 46  1  0  0  0  0
M  END
