Nystatin
  Mrv1830 09141904222D          

 66 68  0  0  1  0            999 V2000
   13.5248    1.4438    0.0000 O   0  0  0  0  0  0  0  0  0  0  0  0
   13.5248    3.0938    0.0000 O   0  0  0  0  0  0  0  0  0  0  0  0
   15.6682    2.6813    0.0000 O   0  0  0  0  0  0  0  0  0  0  0  0
   13.5248   -1.0313    0.0000 O   0  0  0  0  0  0  0  0  0  0  0  0
   14.9538   -1.0313    0.0000 O   0  0  0  0  0  0  0  0  0  0  0  0
   12.0958    1.4438    0.0000 O   0  0  0  0  0  0  0  0  0  0  0  0
   16.3827    1.4438    0.0000 O   0  0  0  0  0  0  0  0  0  0  0  0
   11.3814    3.5063    0.0000 O   0  0  0  0  0  0  0  0  0  0  0  0
   15.6682    0.2063    0.0000 O   0  0  0  0  0  0  0  0  0  0  0  0
   13.5248   -2.6813    0.0000 O   0  0  0  0  0  0  0  0  0  0  0  0
   16.3827   -2.6813    0.0000 O   0  0  0  0  0  0  0  0  0  0  0  0
    9.2379    1.4438    0.0000 O   0  0  0  0  0  0  0  0  0  0  0  0
    7.8089    1.4438    0.0000 O   0  0  0  0  0  0  0  0  0  0  0  0
    6.3799    1.4438    0.0000 O   0  0  0  0  0  0  0  0  0  0  0  0
    4.2365    2.6813    0.0000 O   0  0  0  0  0  0  0  0  0  0  0  0
    2.0930    1.4438    0.0000 O   0  0  0  0  0  0  0  0  0  0  0  0
    4.9509    1.4438    0.0000 O   0  0  0  0  0  0  0  0  0  0  0  0
   14.9538   -3.5063    0.0000 N   0  0  0  0  0  0  0  0  0  0  0  0
   13.5248    2.2688    0.0000 C   0  0  1  0  0  0  0  0  0  0  0  0
   14.2393    1.0313    0.0000 C   0  0  0  0  0  0  0  0  0  0  0  0
   14.9538    1.4438    0.0000 C   0  0  0  0  0  0  0  0  0  0  0  0
   14.9538    2.2688    0.0000 C   0  0  0  0  0  0  0  0  0  0  0  0
   14.2393    2.6813    0.0000 C   0  0  0  0  0  0  0  0  0  0  0  0
   12.8103    2.6813    0.0000 C   0  0  0  0  0  0  0  0  0  0  0  0
   14.2393    0.2063    0.0000 C   0  0  0  0  0  0  0  0  0  0  0  0
   12.0958    2.2688    0.0000 C   0  0  0  0  0  0  0  0  0  0  0  0
   13.5248   -0.2063    0.0000 C   0  0  0  0  0  0  0  0  0  0  0  0
   15.6682    1.0313    0.0000 C   0  0  0  0  0  0  0  0  0  0  0  0
   11.3814    2.6813    0.0000 C   0  0  0  0  0  0  0  0  0  0  0  0
   14.2393   -1.4438    0.0000 C   0  0  1  0  0  0  0  0  0  0  0  0
   14.2393   -2.2688    0.0000 C   0  0  2  0  0  0  0  0  0  0  0  0
   10.6668    2.2688    0.0000 C   0  0  0  0  0  0  0  0  0  0  0  0
   14.9538   -2.6813    0.0000 C   0  0  2  0  0  0  0  0  0  0  0  0
   15.6682   -2.2688    0.0000 C   0  0  1  0  0  0  0  0  0  0  0  0
   15.6682   -1.4438    0.0000 C   0  0  1  0  0  0  0  0  0  0  0  0
   12.8103    0.2063    0.0000 C   0  0  0  0  0  0  0  0  0  0  0  0
    9.9524    2.6813    0.0000 C   0  0  0  0  0  0  0  0  0  0  0  0
    9.2379    2.2688    0.0000 C   0  0  0  0  0  0  0  0  0  0  0  0
   16.3827   -1.0313    0.0000 C   0  0  0  0  0  0  0  0  0  0  0  0
    8.5234    2.6813    0.0000 C   0  0  0  0  0  0  0  0  0  0  0  0
   12.0958   -0.2063    0.0000 C   0  0  0  0  0  0  0  0  0  0  0  0
    7.8089    2.2688    0.0000 C   0  0  0  0  0  0  0  0  0  0  0  0
    7.0944    2.6813    0.0000 C   0  0  0  0  0  0  0  0  0  0  0  0
    6.3799    2.2688    0.0000 C   0  0  0  0  0  0  0  0  0  0  0  0
   11.3814    0.2063    0.0000 C   0  0  0  0  0  0  0  0  0  0  0  0
    5.6655    2.6813    0.0000 C   0  0  0  0  0  0  0  0  0  0  0  0
    3.5220    1.4438    0.0000 C   0  0  2  0  0  0  0  0  0  0  0  0
    2.8075    1.0313    0.0000 C   0  0  1  0  0  0  0  0  0  0  0  0
    3.5220    2.2688    0.0000 C   0  0  2  0  0  0  0  0  0  0  0  0
   10.6668   -0.2063    0.0000 C   0  0  0  0  0  0  0  0  0  0  0  0
    2.8075    0.2063    0.0000 C   0  0  1  0  0  0  0  0  0  0  0  0
    4.9509    2.2688    0.0000 C   0  0  0  0  0  0  0  0  0  0  0  0
    4.2365    1.0313    0.0000 C   0  0  0  0  0  0  0  0  0  0  0  0
    2.8075    2.6813    0.0000 C   0  0  0  0  0  0  0  0  0  0  0  0
    2.0930   -0.2063    0.0000 C   0  0  0  0  0  0  0  0  0  0  0  0
    3.5220   -0.2063    0.0000 C   0  0  0  0  0  0  0  0  0  0  0  0
    9.9524    0.2063    0.0000 C   0  0  0  0  0  0  0  0  0  0  0  0
    4.2365    0.2063    0.0000 C   0  0  0  0  0  0  0  0  0  0  0  0
    9.2379   -0.2063    0.0000 C   0  0  0  0  0  0  0  0  0  0  0  0
    4.9509   -0.2063    0.0000 C   0  0  0  0  0  0  0  0  0  0  0  0
    8.5234    0.2063    0.0000 C   0  0  0  0  0  0  0  0  0  0  0  0
    5.6655    0.2063    0.0000 C   0  0  0  0  0  0  0  0  0  0  0  0
    6.3799   -0.2063    0.0000 C   0  0  0  0  0  0  0  0  0  0  0  0
    7.0944    0.2063    0.0000 C   0  0  0  0  0  0  0  0  0  0  0  0
    7.8089   -0.2063    0.0000 C   0  0  0  0  0  0  0  0  0  0  0  0
   14.6823    0.7755    0.0000 H   0  0  0  0  0  0  0  0  0  0  0  0
  1 19  1  0  0  0  0
  1 20  1  0  0  0  0
 19  2  1  1  0  0  0
  3 22  1  0  0  0  0
  4 27  1  0  0  0  0
 30  4  1  1  0  0  0
  5 30  1  0  0  0  0
  5 35  1  0  0  0  0
  6 26  1  0  0  0  0
  7 28  1  0  0  0  0
  8 29  1  0  0  0  0
  9 28  2  0  0  0  0
 31 10  1  6  0  0  0
 34 11  1  1  0  0  0
 12 38  1  0  0  0  0
 13 42  1  0  0  0  0
 14 44  1  0  0  0  0
 15 49  1  0  0  0  0
 15 52  1  0  0  0  0
 48 16  1  1  0  0  0
 17 52  2  0  0  0  0
 33 18  1  6  0  0  0
 19 23  1  0  0  0  0
 19 24  1  0  0  0  0
 20 21  1  0  0  0  0
 20 25  1  0  0  0  0
 20 66  1  0  0  0  0
 21 22  1  0  0  0  0
 21 28  1  0  0  0  0
 22 23  1  0  0  0  0
 24 26  1  0  0  0  0
 25 27  1  0  0  0  0
 26 29  1  0  0  0  0
 27 36  1  0  0  0  0
 29 32  1  0  0  0  0
 30 31  1  0  0  0  0
 31 33  1  0  0  0  0
 32 37  1  0  0  0  0
 33 34  1  0  0  0  0
 34 35  1  0  0  0  0
 35 39  1  6  0  0  0
 36 41  2  0  0  0  0
 37 38  1  0  0  0  0
 38 40  1  0  0  0  0
 40 42  1  0  0  0  0
 41 45  1  0  0  0  0
 42 43  1  0  0  0  0
 43 44  1  0  0  0  0
 44 46  1  0  0  0  0
 45 50  2  0  0  0  0
 46 52  1  0  0  0  0
 47 48  1  0  0  0  0
 47 49  1  0  0  0  0
 47 53  1  6  0  0  0
 48 51  1  0  0  0  0
 49 54  1  6  0  0  0
 50 57  1  0  0  0  0
 51 55  1  6  0  0  0
 51 56  1  0  0  0  0
 56 58  2  0  0  0  0
 57 59  2  0  0  0  0
 58 60  1  0  0  0  0
 59 61  1  0  0  0  0
 60 62  2  0  0  0  0
 61 65  2  0  0  0  0
 62 63  1  0  0  0  0
 63 64  1  0  0  0  0
 64 65  1  0  0  0  0
M  END
