Oxiconazole
  Mrv1830 09141904232D          

 26 28  0  0  0  0            999 V2000
    2.3645   -1.6500    0.0000 Cl  0  0  0  0  0  0  0  0  0  0  0  0
    3.7935    1.6500    0.0000 Cl  0  0  0  0  0  0  0  0  0  0  0  0
    3.7935   -4.1251    0.0000 Cl  0  0  0  0  0  0  0  0  0  0  0  0
    2.3645    4.1251    0.0000 Cl  0  0  0  0  0  0  0  0  0  0  0  0
    3.0790    0.4125    0.0000 O   0  0  0  0  0  0  0  0  0  0  0  0
    5.2224   -0.8250    0.0000 N   0  0  0  0  0  0  0  0  0  0  0  0
    3.0790   -0.4125    0.0000 N   0  0  0  0  0  0  0  0  0  0  0  0
    6.1157   -1.8170    0.0000 N   0  0  0  0  0  0  0  0  0  0  0  0
    4.5080   -0.4125    0.0000 C   0  0  0  0  0  0  0  0  0  0  0  0
    3.7935   -0.8250    0.0000 C   0  0  0  0  0  0  0  0  0  0  0  0
    3.7935   -1.6500    0.0000 C   0  0  0  0  0  0  0  0  0  0  0  0
    3.0790   -2.0625    0.0000 C   0  0  0  0  0  0  0  0  0  0  0  0
    4.5080   -2.0625    0.0000 C   0  0  0  0  0  0  0  0  0  0  0  0
    5.9762   -0.4895    0.0000 C   0  0  0  0  0  0  0  0  0  0  0  0
    2.3645    1.6500    0.0000 C   0  0  0  0  0  0  0  0  0  0  0  0
    2.3645    0.8250    0.0000 C   0  0  0  0  0  0  0  0  0  0  0  0
    5.3087   -1.6455    0.0000 C   0  0  0  0  0  0  0  0  0  0  0  0
    3.0790   -2.8876    0.0000 C   0  0  0  0  0  0  0  0  0  0  0  0
    4.5080   -2.8876    0.0000 C   0  0  0  0  0  0  0  0  0  0  0  0
    6.5282   -1.1026    0.0000 C   0  0  0  0  0  0  0  0  0  0  0  0
    3.7935   -3.3001    0.0000 C   0  0  0  0  0  0  0  0  0  0  0  0
    3.0790    2.0625    0.0000 C   0  0  0  0  0  0  0  0  0  0  0  0
    1.6500    2.0625    0.0000 C   0  0  0  0  0  0  0  0  0  0  0  0
    3.0790    2.8876    0.0000 C   0  0  0  0  0  0  0  0  0  0  0  0
    1.6500    2.8876    0.0000 C   0  0  0  0  0  0  0  0  0  0  0  0
    2.3645    3.3001    0.0000 C   0  0  0  0  0  0  0  0  0  0  0  0
  1 12  1  0  0  0  0
  2 22  1  0  0  0  0
  3 21  1  0  0  0  0
  4 26  1  0  0  0  0
  5  7  1  0  0  0  0
  5 16  1  0  0  0  0
  6  9  1  0  0  0  0
  6 14  1  0  0  0  0
  6 17  1  0  0  0  0
  7 10  2  0  0  0  0
  8 17  2  0  0  0  0
  8 20  1  0  0  0  0
  9 10  1  0  0  0  0
 10 11  1  0  0  0  0
 11 12  2  0  0  0  0
 11 13  1  0  0  0  0
 12 18  1  0  0  0  0
 13 19  2  0  0  0  0
 14 20  2  0  0  0  0
 15 16  1  0  0  0  0
 15 22  2  0  0  0  0
 15 23  1  0  0  0  0
 18 21  2  0  0  0  0
 19 21  1  0  0  0  0
 22 24  1  0  0  0  0
 23 25  2  0  0  0  0
 24 26  2  0  0  0  0
 25 26  1  0  0  0  0
M  END
