Posaconazole
  Mrv1830 09141904252D          

 51 57  0  0  1  0            999 V2000
    2.8383   -2.8096    0.0000 F   0  0  0  0  0  0  0  0  0  0  0  0
    4.2673   -5.2846    0.0000 F   0  0  0  0  0  0  0  0  0  0  0  0
    4.0123   -1.2000    0.0000 O   0  0  0  0  0  0  0  0  0  0  0  0
    6.3033   -0.1380    0.0000 O   0  0  0  0  0  0  0  0  0  0  0  0
   17.0200    4.4447    0.0000 O   0  0  0  0  0  0  0  0  0  0  0  0
   13.9197    3.8635    0.0000 O   0  0  0  0  0  0  0  0  0  0  0  0
    2.8696   -1.6875    0.0000 N   0  0  0  0  0  0  0  0  0  0  0  0
    2.9558   -0.8670    0.0000 N   0  0  0  0  0  0  0  0  0  0  0  0
    9.4419    0.8818    0.0000 N   0  0  0  0  0  0  0  0  0  0  0  0
   11.0112    1.3916    0.0000 N   0  0  0  0  0  0  0  0  0  0  0  0
    1.6500   -1.1445    0.0000 N   0  0  0  0  0  0  0  0  0  0  0  0
   15.2297    3.1960    0.0000 N   0  0  0  0  0  0  0  0  0  0  0  0
   14.1497    2.4114    0.0000 N   0  0  0  0  0  0  0  0  0  0  0  0
   15.4846    2.4114    0.0000 N   0  0  0  0  0  0  0  0  0  0  0  0
    4.2673   -1.9846    0.0000 C   0  0  1  0  0  0  0  0  0  0  0  0
    5.0923   -1.9846    0.0000 C   0  0  0  0  0  0  0  0  0  0  0  0
    5.3472   -1.2000    0.0000 C   0  0  1  0  0  0  0  0  0  0  0  0
    4.6798   -0.7150    0.0000 C   0  0  0  0  0  0  0  0  0  0  0  0
    3.4826   -2.2395    0.0000 C   0  0  0  0  0  0  0  0  0  0  0  0
    4.2673   -2.8096    0.0000 C   0  0  0  0  0  0  0  0  0  0  0  0
    6.1318   -0.9450    0.0000 C   0  0  0  0  0  0  0  0  0  0  0  0
    3.5528   -3.2221    0.0000 C   0  0  0  0  0  0  0  0  0  0  0  0
    4.9818   -3.2221    0.0000 C   0  0  0  0  0  0  0  0  0  0  0  0
    3.5528   -4.0471    0.0000 C   0  0  0  0  0  0  0  0  0  0  0  0
    4.9818   -4.0471    0.0000 C   0  0  0  0  0  0  0  0  0  0  0  0
    2.0625   -1.8590    0.0000 C   0  0  0  0  0  0  0  0  0  0  0  0
    7.0880    0.1169    0.0000 C   0  0  0  0  0  0  0  0  0  0  0  0
    4.2673   -4.4596    0.0000 C   0  0  0  0  0  0  0  0  0  0  0  0
   10.0550    0.3297    0.0000 C   0  0  0  0  0  0  0  0  0  0  0  0
    9.6135    1.6887    0.0000 C   0  0  0  0  0  0  0  0  0  0  0  0
   10.8397    0.5847    0.0000 C   0  0  0  0  0  0  0  0  0  0  0  0
   10.3981    1.9436    0.0000 C   0  0  0  0  0  0  0  0  0  0  0  0
    8.6573    0.6268    0.0000 C   0  0  0  0  0  0  0  0  0  0  0  0
    7.7011   -0.4351    0.0000 C   0  0  0  0  0  0  0  0  0  0  0  0
    7.2595    0.9239    0.0000 C   0  0  0  0  0  0  0  0  0  0  0  0
    2.2020   -0.5314    0.0000 C   0  0  0  0  0  0  0  0  0  0  0  0
    8.4858   -0.1802    0.0000 C   0  0  0  0  0  0  0  0  0  0  0  0
    8.0442    1.1789    0.0000 C   0  0  0  0  0  0  0  0  0  0  0  0
   11.7958    1.6466    0.0000 C   0  0  0  0  0  0  0  0  0  0  0  0
   15.7146    3.8635    0.0000 C   0  0  0  0  0  0  0  0  0  0  0  0
   12.4089    1.0945    0.0000 C   0  0  0  0  0  0  0  0  0  0  0  0
   11.9673    2.4536    0.0000 C   0  0  0  0  0  0  0  0  0  0  0  0
   16.5351    3.7772    0.0000 C   0  0  0  0  0  0  0  0  0  0  0  0
   13.3650    2.1565    0.0000 C   0  0  0  0  0  0  0  0  0  0  0  0
   15.3791    4.6172    0.0000 C   0  0  0  0  0  0  0  0  0  0  0  0
   13.1935    1.3495    0.0000 C   0  0  0  0  0  0  0  0  0  0  0  0
   12.7520    2.7085    0.0000 C   0  0  0  0  0  0  0  0  0  0  0  0
   14.4046    3.1960    0.0000 C   0  0  0  0  0  0  0  0  0  0  0  0
   14.8172    1.9265    0.0000 C   0  0  0  0  0  0  0  0  0  0  0  0
   16.8707    3.0236    0.0000 C   0  0  0  0  0  0  0  0  0  0  0  0
   15.8640    5.2846    0.0000 C   0  0  0  0  0  0  0  0  0  0  0  0
  1 22  1  0  0  0  0
  2 28  1  0  0  0  0
  3 15  1  0  0  0  0
  3 18  1  0  0  0  0
  4 21  1  0  0  0  0
  4 27  1  0  0  0  0
 43  5  1  0  0  0  0
  6 48  2  0  0  0  0
  7  8  1  0  0  0  0
  7 19  1  0  0  0  0
  7 26  1  0  0  0  0
  8 36  2  0  0  0  0
  9 29  1  0  0  0  0
  9 30  1  0  0  0  0
  9 33  1  0  0  0  0
 10 31  1  0  0  0  0
 10 32  1  0  0  0  0
 10 39  1  0  0  0  0
 11 26  2  0  0  0  0
 11 36  1  0  0  0  0
 12 14  1  0  0  0  0
 12 40  1  0  0  0  0
 12 48  1  0  0  0  0
 13 44  1  0  0  0  0
 13 48  1  0  0  0  0
 13 49  1  0  0  0  0
 14 49  2  0  0  0  0
 15 16  1  0  0  0  0
 15 19  1  1  0  0  0
 15 20  1  0  0  0  0
 16 17  1  0  0  0  0
 17 18  1  0  0  0  0
 17 21  1  1  0  0  0
 20 22  2  0  0  0  0
 20 23  1  0  0  0  0
 22 24  1  0  0  0  0
 23 25  2  0  0  0  0
 24 28  2  0  0  0  0
 25 28  1  0  0  0  0
 27 34  2  0  0  0  0
 27 35  1  0  0  0  0
 29 31  1  0  0  0  0
 30 32  1  0  0  0  0
 33 37  2  0  0  0  0
 33 38  1  0  0  0  0
 34 37  1  0  0  0  0
 35 38  2  0  0  0  0
 39 41  2  0  0  0  0
 39 42  1  0  0  0  0
 40 43  1  0  0  0  0
 40 45  1  0  0  0  0
 41 46  1  0  0  0  0
 42 47  2  0  0  0  0
 43 50  1  0  0  0  0
 44 46  2  0  0  0  0
 44 47  1  0  0  0  0
 45 51  1  0  0  0  0
M  END
