Povidon Iodine
  Mrv1830 09141904262D          

 10  9  0  0  0  0            999 V2000
    4.2596    1.5574    0.0000 I   0  0  0  0  0  0  0  0  0  0  0  0
    5.0846    1.5574    0.0000 I   0  0  0  0  0  0  0  0  0  0  0  0
    2.6095    1.9791    0.0000 O   0  0  0  0  0  0  0  0  0  0  0  0
    1.1575    1.7490    0.0000 N   0  0  0  0  0  0  0  0  0  0  0  0
    0.7450    3.0186    0.0000 C   0  0  0  0  0  0  0  0  0  0  0  0
    0.4900    2.2340    0.0000 C   0  0  0  0  0  0  0  0  0  0  0  0
    1.5700    3.0186    0.0000 C   0  0  0  0  0  0  0  0  0  0  0  0
    1.8250    2.2340    0.0000 C   0  0  0  0  0  0  0  0  0  0  0  0
    1.1575    0.9240    0.0000 C   0  0  0  0  0  0  0  0  0  0  0  0
    0.4430    0.5115    0.0000 C   0  0  0  0  0  0  0  0  0  0  0  0
  1  2  1  0  0  0  0
  3  8  2  0  0  0  0
  4  6  1  0  0  0  0
  4  8  1  0  0  0  0
  4  9  1  0  0  0  0
  5  6  1  0  0  0  0
  5  7  1  0  0  0  0
  7  8  1  0  0  0  0
  9 10  2  0  0  0  0
M  END
