Tolnaftate
  Mrv1830 09141904322D          

 22 24  0  0  0  0            999 V2000
    5.2224    0.8107    0.0000 S   0  0  0  0  0  0  0  0  0  0  0  0
    5.9370   -0.4268    0.0000 O   0  0  0  0  0  0  0  0  0  0  0  0
    4.5080   -0.4268    0.0000 N   0  0  0  0  0  0  0  0  0  0  0  0
    8.0804   -0.0143    0.0000 C   0  0  0  0  0  0  0  0  0  0  0  0
    8.0804    0.8107    0.0000 C   0  0  0  0  0  0  0  0  0  0  0  0
    3.7935   -0.0143    0.0000 C   0  0  0  0  0  0  0  0  0  0  0  0
    6.6515   -0.0143    0.0000 C   0  0  0  0  0  0  0  0  0  0  0  0
    7.3659   -0.4268    0.0000 C   0  0  0  0  0  0  0  0  0  0  0  0
    3.0790   -0.4268    0.0000 C   0  0  0  0  0  0  0  0  0  0  0  0
    2.3645   -0.0143    0.0000 C   0  0  0  0  0  0  0  0  0  0  0  0
    7.3659    1.2233    0.0000 C   0  0  0  0  0  0  0  0  0  0  0  0
    6.6515    0.8107    0.0000 C   0  0  0  0  0  0  0  0  0  0  0  0
    8.8180   -0.4554    0.0000 C   0  0  0  0  0  0  0  0  0  0  0  0
    3.7935    0.8107    0.0000 C   0  0  0  0  0  0  0  0  0  0  0  0
    8.8180    1.2518    0.0000 C   0  0  0  0  0  0  0  0  0  0  0  0
    5.2224   -0.0143    0.0000 C   0  0  0  0  0  0  0  0  0  0  0  0
    2.3645    0.8107    0.0000 C   0  0  0  0  0  0  0  0  0  0  0  0
    3.0790    1.2233    0.0000 C   0  0  0  0  0  0  0  0  0  0  0  0
    4.5080   -1.2518    0.0000 C   0  0  0  0  0  0  0  0  0  0  0  0
    9.5654   -0.0314    0.0000 C   0  0  0  0  0  0  0  0  0  0  0  0
    9.5654    0.8279    0.0000 C   0  0  0  0  0  0  0  0  0  0  0  0
    1.6500   -0.4268    0.0000 C   0  0  0  0  0  0  0  0  0  0  0  0
  1 16  2  0  0  0  0
  2  7  1  0  0  0  0
  2 16  1  0  0  0  0
  3  6  1  0  0  0  0
  3 16  1  0  0  0  0
  3 19  1  0  0  0  0
  4  5  1  0  0  0  0
  4  8  1  0  0  0  0
  4 13  2  0  0  0  0
  5 11  1  0  0  0  0
  5 15  2  0  0  0  0
  6  9  1  0  0  0  0
  6 14  2  0  0  0  0
  7  8  2  0  0  0  0
  7 12  1  0  0  0  0
  9 10  2  0  0  0  0
 10 17  1  0  0  0  0
 10 22  1  0  0  0  0
 11 12  2  0  0  0  0
 13 20  1  0  0  0  0
 14 18  1  0  0  0  0
 15 21  1  0  0  0  0
 17 18  2  0  0  0  0
 20 21  2  0  0  0  0
M  END
