Voriconazole
  Mrv1830 09141904342D          

 25 27  0  0  1  0            999 V2000
    1.6500   -0.4125    0.0000 F   0  0  0  0  0  0  0  0  0  0  0  0
    3.0789    2.8875    0.0000 F   0  0  0  0  0  0  0  0  0  0  0  0
    3.0789   -2.8875    0.0000 F   0  0  0  0  0  0  0  0  0  0  0  0
    2.2539    0.4125    0.0000 O   0  0  0  0  0  0  0  0  0  0  0  0
    4.6184    0.0000    0.0000 N   0  0  0  0  0  0  0  0  0  0  0  0
    4.5079    1.2375    0.0000 N   0  0  0  0  0  0  0  0  0  0  0  0
    4.7046   -0.8205    0.0000 N   0  0  0  0  0  0  0  0  0  0  0  0
    5.9242   -0.2775    0.0000 N   0  0  0  0  0  0  0  0  0  0  0  0
    5.2223    2.4750    0.0000 N   0  0  0  0  0  0  0  0  0  0  0  0
    3.0789    0.4125    0.0000 C   0  0  0  0  0  0  0  0  0  0  0  0
    3.0789    1.2375    0.0000 C   0  0  0  0  0  0  0  0  0  0  0  0
    3.9039    0.4125    0.0000 C   0  0  0  0  0  0  0  0  0  0  0  0
    3.0789   -0.4125    0.0000 C   0  0  0  0  0  0  0  0  0  0  0  0
    2.3644    1.6500    0.0000 C   0  0  0  0  0  0  0  0  0  0  0  0
    3.7934    1.6500    0.0000 C   0  0  0  0  0  0  0  0  0  0  0  0
    2.3644   -0.8250    0.0000 C   0  0  0  0  0  0  0  0  0  0  0  0
    3.7934   -0.8250    0.0000 C   0  0  0  0  0  0  0  0  0  0  0  0
    3.7934    2.4750    0.0000 C   0  0  0  0  0  0  0  0  0  0  0  0
    2.3644   -1.6500    0.0000 C   0  0  0  0  0  0  0  0  0  0  0  0
    3.7934   -1.6500    0.0000 C   0  0  0  0  0  0  0  0  0  0  0  0
    5.3721    0.3355    0.0000 C   0  0  0  0  0  0  0  0  0  0  0  0
    3.0789   -2.0625    0.0000 C   0  0  0  0  0  0  0  0  0  0  0  0
    4.5079    2.8875    0.0000 C   0  0  0  0  0  0  0  0  0  0  0  0
    5.2223    1.6500    0.0000 C   0  0  0  0  0  0  0  0  0  0  0  0
    5.5117   -0.9920    0.0000 C   0  0  0  0  0  0  0  0  0  0  0  0
  1 16  1  0  0  0  0
  2 18  1  0  0  0  0
  3 22  1  0  0  0  0
 10  4  1  1  0  0  0
  5  7  1  0  0  0  0
  5 12  1  0  0  0  0
  5 21  1  0  0  0  0
  6 15  2  0  0  0  0
  6 24  1  0  0  0  0
  7 25  2  0  0  0  0
  8 21  2  0  0  0  0
  8 25  1  0  0  0  0
  9 23  1  0  0  0  0
  9 24  2  0  0  0  0
 10 11  1  0  0  0  0
 10 12  1  0  0  0  0
 10 13  1  0  0  0  0
 11 14  1  0  0  0  0
 11 15  1  0  0  0  0
 13 16  2  0  0  0  0
 13 17  1  0  0  0  0
 15 18  1  0  0  0  0
 16 19  1  0  0  0  0
 17 20  2  0  0  0  0
 18 23  2  0  0  0  0
 19 22  2  0  0  0  0
 20 22  1  0  0  0  0
M  END
