Zinc Undecylenate
  Mrv1830 09141904352D          

 27 24  0  0  0  0            999 V2000
   10.2239    0.2063    0.0000 Zn  0  2  0  0  0  0  0  0  0  0  0  0
   10.9383    0.6188    0.0000 O   0  5  0  0  0  0  0  0  0  0  0  0
    9.5094    0.6188    0.0000 O   0  5  0  0  0  0  0  0  0  0  0  0
   11.6529   -0.6188    0.0000 O   0  0  0  0  0  0  0  0  0  0  0  0
    8.7949   -0.6188    0.0000 O   0  0  0  0  0  0  0  0  0  0  0  0
   15.2253    0.6188    0.0000 C   0  0  0  0  0  0  0  0  0  0  0  0
    5.2224    0.6188    0.0000 C   0  0  0  0  0  0  0  0  0  0  0  0
   14.5108    0.2063    0.0000 C   0  0  0  0  0  0  0  0  0  0  0  0
    5.9370    0.2063    0.0000 C   0  0  0  0  0  0  0  0  0  0  0  0
   15.9398    0.2063    0.0000 C   0  0  0  0  0  0  0  0  0  0  0  0
    4.5080    0.2063    0.0000 C   0  0  0  0  0  0  0  0  0  0  0  0
   13.7963    0.6188    0.0000 C   0  0  0  0  0  0  0  0  0  0  0  0
    6.6515    0.6188    0.0000 C   0  0  0  0  0  0  0  0  0  0  0  0
   16.6542    0.6188    0.0000 C   0  0  0  0  0  0  0  0  0  0  0  0
    3.7935    0.6188    0.0000 C   0  0  0  0  0  0  0  0  0  0  0  0
   13.0818    0.2063    0.0000 C   0  0  0  0  0  0  0  0  0  0  0  0
    7.3659    0.2063    0.0000 C   0  0  0  0  0  0  0  0  0  0  0  0
   17.3688    0.2063    0.0000 C   0  0  0  0  0  0  0  0  0  0  0  0
    3.0790    0.2063    0.0000 C   0  0  0  0  0  0  0  0  0  0  0  0
   12.3674    0.6188    0.0000 C   0  0  0  0  0  0  0  0  0  0  0  0
    8.0804    0.6188    0.0000 C   0  0  0  0  0  0  0  0  0  0  0  0
   18.0832    0.6188    0.0000 C   0  0  0  0  0  0  0  0  0  0  0  0
    2.3645    0.6188    0.0000 C   0  0  0  0  0  0  0  0  0  0  0  0
   11.6529    0.2063    0.0000 C   0  0  0  0  0  0  0  0  0  0  0  0
    8.7949    0.2063    0.0000 C   0  0  0  0  0  0  0  0  0  0  0  0
   18.7977    0.2063    0.0000 C   0  0  0  0  0  0  0  0  0  0  0  0
    1.6500    0.2063    0.0000 C   0  0  0  0  0  0  0  0  0  0  0  0
  2 24  1  0  0  0  0
  3 25  1  0  0  0  0
  4 24  2  0  0  0  0
  5 25  2  0  0  0  0
  6  8  1  0  0  0  0
  6 10  1  0  0  0  0
  7  9  1  0  0  0  0
  7 11  1  0  0  0  0
  8 12  1  0  0  0  0
  9 13  1  0  0  0  0
 10 14  1  0  0  0  0
 11 15  1  0  0  0  0
 12 16  1  0  0  0  0
 13 17  1  0  0  0  0
 14 18  1  0  0  0  0
 15 19  1  0  0  0  0
 16 20  1  0  0  0  0
 17 21  1  0  0  0  0
 18 22  1  0  0  0  0
 19 23  1  0  0  0  0
 20 24  1  0  0  0  0
 21 25  1  0  0  0  0
 22 26  2  0  0  0  0
 23 27  2  0  0  0  0
M  CHG  3   1   2   2  -1   3  -1
M  END
